Filename: C:\Users\japan\OneDrive - University of Twente\Documenten\Extraction and Dissemination\photogrammetry_project\images\ortho.tif
ROI: Built-up [Red] 3392 points

Basic Stats	  Min	  Max	      Mean	    Stdev
     Band 1	   75	  236	180.775943	45.100771
     Band 2	   91	  225	168.137677	37.759513
     Band 3	   96	  215	156.856132	35.138139

Histogram  	   DN	   Npts	  Total	 Percent	 Acc Pct
Band 1     	   75	      1	      1	  0.0295	  0.0295
           	   76	      5	      6	  0.1474	  0.1769
           	   77	     14	     20	  0.4127	  0.5896
           	   78	     11	     31	  0.3243	  0.9139
           	   79	     14	     45	  0.4127	  1.3267
           	   80	     10	     55	  0.2948	  1.6215
           	   81	     20	     75	  0.5896	  2.2111
           	   82	     25	    100	  0.7370	  2.9481
           	   83	     46	    146	  1.3561	  4.3042
           	   84	     91	    237	  2.6828	  6.9870
           	   85	     40	    277	  1.1792	  8.1663
           	   86	     43	    320	  1.2677	  9.4340
           	   87	     13	    333	  0.3833	  9.8172
           	   88	      2	    335	  0.0590	  9.8762
           	   89	      0	    335	  0.0000	  9.8762
           	   90	      0	    335	  0.0000	  9.8762
           	   91	      0	    335	  0.0000	  9.8762
           	   92	      0	    335	  0.0000	  9.8762
           	   93	      0	    335	  0.0000	  9.8762
           	   94	      0	    335	  0.0000	  9.8762
           	   95	      0	    335	  0.0000	  9.8762
           	   96	      0	    335	  0.0000	  9.8762
           	   97	      0	    335	  0.0000	  9.8762
           	   98	      0	    335	  0.0000	  9.8762
           	   99	      0	    335	  0.0000	  9.8762
           	  100	      0	    335	  0.0000	  9.8762
           	  101	      0	    335	  0.0000	  9.8762
           	  102	      0	    335	  0.0000	  9.8762
           	  103	      0	    335	  0.0000	  9.8762
           	  104	      0	    335	  0.0000	  9.8762
           	  105	      0	    335	  0.0000	  9.8762
           	  106	      0	    335	  0.0000	  9.8762
           	  107	      0	    335	  0.0000	  9.8762
           	  108	      0	    335	  0.0000	  9.8762
           	  109	      0	    335	  0.0000	  9.8762
           	  110	      0	    335	  0.0000	  9.8762
           	  111	      0	    335	  0.0000	  9.8762
           	  112	      0	    335	  0.0000	  9.8762
           	  113	      0	    335	  0.0000	  9.8762
           	  114	      0	    335	  0.0000	  9.8762
           	  115	      0	    335	  0.0000	  9.8762
           	  116	      0	    335	  0.0000	  9.8762
           	  117	      0	    335	  0.0000	  9.8762
           	  118	      0	    335	  0.0000	  9.8762
           	  119	      0	    335	  0.0000	  9.8762
           	  120	      0	    335	  0.0000	  9.8762
           	  121	      0	    335	  0.0000	  9.8762
           	  122	      0	    335	  0.0000	  9.8762
           	  123	      0	    335	  0.0000	  9.8762
           	  124	      0	    335	  0.0000	  9.8762
           	  125	      0	    335	  0.0000	  9.8762
           	  126	      0	    335	  0.0000	  9.8762
           	  127	      0	    335	  0.0000	  9.8762
           	  128	      0	    335	  0.0000	  9.8762
           	  129	      2	    337	  0.0590	  9.9351
           	  130	      4	    341	  0.1179	 10.0531
           	  131	     17	    358	  0.5012	 10.5542
           	  132	     63	    421	  1.8573	 12.4116
           	  133	    114	    535	  3.3608	 15.7724
           	  134	    127	    662	  3.7441	 19.5165
           	  135	     73	    735	  2.1521	 21.6686
           	  136	     54	    789	  1.5920	 23.2606
           	  137	     29	    818	  0.8550	 24.1156
           	  138	     25	    843	  0.7370	 24.8526
           	  139	     21	    864	  0.6191	 25.4717
           	  140	     19	    883	  0.5601	 26.0318
           	  141	     11	    894	  0.3243	 26.3561
           	  142	     15	    909	  0.4422	 26.7983
           	  143	      7	    916	  0.2064	 27.0047
           	  144	      4	    920	  0.1179	 27.1226
           	  145	     16	    936	  0.4717	 27.5943
           	  146	     30	    966	  0.8844	 28.4788
           	  147	     67	   1033	  1.9752	 30.4540
           	  148	     46	   1079	  1.3561	 31.8101
           	  149	     19	   1098	  0.5601	 32.3703
           	  150	     17	   1115	  0.5012	 32.8715
           	  151	     10	   1125	  0.2948	 33.1663
           	  152	      2	   1127	  0.0590	 33.2252
           	  153	      0	   1127	  0.0000	 33.2252
           	  154	      1	   1128	  0.0295	 33.2547
           	  155	      1	   1129	  0.0295	 33.2842
           	  156	      1	   1130	  0.0295	 33.3137
           	  157	      0	   1130	  0.0000	 33.3137
           	  158	      0	   1130	  0.0000	 33.3137
           	  159	      0	   1130	  0.0000	 33.3137
           	  160	      0	   1130	  0.0000	 33.3137
           	  161	      0	   1130	  0.0000	 33.3137
           	  162	      0	   1130	  0.0000	 33.3137
           	  163	      0	   1130	  0.0000	 33.3137
           	  164	      0	   1130	  0.0000	 33.3137
           	  165	      0	   1130	  0.0000	 33.3137
           	  166	      0	   1130	  0.0000	 33.3137
           	  167	      0	   1130	  0.0000	 33.3137
           	  168	      0	   1130	  0.0000	 33.3137
           	  169	      0	   1130	  0.0000	 33.3137
           	  170	      0	   1130	  0.0000	 33.3137
           	  171	      0	   1130	  0.0000	 33.3137
           	  172	      0	   1130	  0.0000	 33.3137
           	  173	      0	   1130	  0.0000	 33.3137
           	  174	      0	   1130	  0.0000	 33.3137
           	  175	      0	   1130	  0.0000	 33.3137
           	  176	      0	   1130	  0.0000	 33.3137
           	  177	      0	   1130	  0.0000	 33.3137
           	  178	      1	   1131	  0.0295	 33.3432
           	  179	      0	   1131	  0.0000	 33.3432
           	  180	      0	   1131	  0.0000	 33.3432
           	  181	      0	   1131	  0.0000	 33.3432
           	  182	      0	   1131	  0.0000	 33.3432
           	  183	      3	   1134	  0.0884	 33.4316
           	  184	      1	   1135	  0.0295	 33.4611
           	  185	      3	   1138	  0.0884	 33.5495
           	  186	      4	   1142	  0.1179	 33.6675
           	  187	      5	   1147	  0.1474	 33.8149
           	  188	     27	   1174	  0.7960	 34.6108
           	  189	     82	   1256	  2.4175	 37.0283
           	  190	    144	   1400	  4.2453	 41.2736
           	  191	    122	   1522	  3.5967	 44.8703
           	  192	     29	   1551	  0.8550	 45.7252
           	  193	      6	   1557	  0.1769	 45.9021
           	  194	      5	   1562	  0.1474	 46.0495
           	  195	      2	   1564	  0.0590	 46.1085
           	  196	      6	   1570	  0.1769	 46.2854
           	  197	     10	   1580	  0.2948	 46.5802
           	  198	      5	   1585	  0.1474	 46.7276
           	  199	      6	   1591	  0.1769	 46.9045
           	  200	      7	   1598	  0.2064	 47.1108
           	  201	     16	   1614	  0.4717	 47.5825
           	  202	     18	   1632	  0.5307	 48.1132
           	  203	     14	   1646	  0.4127	 48.5259
           	  204	     19	   1665	  0.5601	 49.0861
           	  205	     19	   1684	  0.5601	 49.6462
           	  206	     17	   1701	  0.5012	 50.1474
           	  207	     26	   1727	  0.7665	 50.9139
           	  208	     41	   1768	  1.2087	 52.1226
           	  209	     43	   1811	  1.2677	 53.3903
           	  210	     65	   1876	  1.9163	 55.3066
           	  211	    123	   1999	  3.6262	 58.9328
           	  212	    157	   2156	  4.6285	 63.5613
           	  213	    184	   2340	  5.4245	 68.9858
           	  214	    134	   2474	  3.9505	 72.9363
           	  215	     97	   2571	  2.8597	 75.7960
           	  216	     93	   2664	  2.7417	 78.5377
           	  217	     90	   2754	  2.6533	 81.1910
           	  218	     84	   2838	  2.4764	 83.6675
           	  219	     76	   2914	  2.2406	 85.9080
           	  220	    119	   3033	  3.5083	 89.4163
           	  221	    138	   3171	  4.0684	 93.4847
           	  222	     91	   3262	  2.6828	 96.1675
           	  223	     56	   3318	  1.6509	 97.8184
           	  224	     22	   3340	  0.6486	 98.4670
           	  225	     12	   3352	  0.3538	 98.8208
           	  226	     13	   3365	  0.3833	 99.2040
           	  227	      9	   3374	  0.2653	 99.4693
           	  228	      3	   3377	  0.0884	 99.5578
           	  229	      1	   3378	  0.0295	 99.5873
           	  230	      5	   3383	  0.1474	 99.7347
           	  231	      3	   3386	  0.0884	 99.8231
           	  232	      2	   3388	  0.0590	 99.8821
           	  233	      1	   3389	  0.0295	 99.9116
           	  234	      1	   3390	  0.0295	 99.9410
           	  235	      0	   3390	  0.0000	 99.9410
           	  236	      2	   3392	  0.0590	100.0000

Histogram  	   DN	   Npts	  Total	 Percent	 Acc Pct
Band 2     	   91	      1	      1	  0.0295	  0.0295
           	   92	      2	      3	  0.0590	  0.0884
           	   93	      5	      8	  0.1474	  0.2358
           	   94	     12	     20	  0.3538	  0.5896
           	   95	     21	     41	  0.6191	  1.2087
           	   96	     15	     56	  0.4422	  1.6509
           	   97	     38	     94	  1.1203	  2.7712
           	   98	     84	    178	  2.4764	  5.2476
           	   99	     70	    248	  2.0637	  7.3113
           	  100	     68	    316	  2.0047	  9.3160
           	  101	     17	    333	  0.5012	  9.8172
           	  102	      2	    335	  0.0590	  9.8762
           	  103	      0	    335	  0.0000	  9.8762
           	  104	      0	    335	  0.0000	  9.8762
           	  105	      0	    335	  0.0000	  9.8762
           	  106	      0	    335	  0.0000	  9.8762
           	  107	      0	    335	  0.0000	  9.8762
           	  108	      0	    335	  0.0000	  9.8762
           	  109	      0	    335	  0.0000	  9.8762
           	  110	      0	    335	  0.0000	  9.8762
           	  111	      0	    335	  0.0000	  9.8762
           	  112	      0	    335	  0.0000	  9.8762
           	  113	      0	    335	  0.0000	  9.8762
           	  114	      0	    335	  0.0000	  9.8762
           	  115	      0	    335	  0.0000	  9.8762
           	  116	      0	    335	  0.0000	  9.8762
           	  117	      0	    335	  0.0000	  9.8762
           	  118	      0	    335	  0.0000	  9.8762
           	  119	      0	    335	  0.0000	  9.8762
           	  120	      0	    335	  0.0000	  9.8762
           	  121	      0	    335	  0.0000	  9.8762
           	  122	      0	    335	  0.0000	  9.8762
           	  123	      1	    336	  0.0295	  9.9057
           	  124	      1	    337	  0.0295	  9.9351
           	  125	      5	    342	  0.1474	 10.0825
           	  126	      7	    349	  0.2064	 10.2889
           	  127	     31	    380	  0.9139	 11.2028
           	  128	     83	    463	  2.4469	 13.6498
           	  129	    162	    625	  4.7759	 18.4257
           	  130	    109	    734	  3.2134	 21.6392
           	  131	     66	    800	  1.9458	 23.5849
           	  132	     41	    841	  1.2087	 24.7936
           	  133	     29	    870	  0.8550	 25.6486
           	  134	     23	    893	  0.6781	 26.3267
           	  135	     21	    914	  0.6191	 26.9458
           	  136	     10	    924	  0.2948	 27.2406
           	  137	     46	    970	  1.3561	 28.5967
           	  138	     64	   1034	  1.8868	 30.4835
           	  139	     45	   1079	  1.3267	 31.8101
           	  140	     21	   1100	  0.6191	 32.4292
           	  141	     18	   1118	  0.5307	 32.9599
           	  142	      7	   1125	  0.2064	 33.1663
           	  143	      2	   1127	  0.0590	 33.2252
           	  144	      1	   1128	  0.0295	 33.2547
           	  145	      1	   1129	  0.0295	 33.2842
           	  146	      1	   1130	  0.0295	 33.3137
           	  147	      2	   1132	  0.0590	 33.3726
           	  148	      3	   1135	  0.0884	 33.4611
           	  149	     12	   1147	  0.3538	 33.8149
           	  150	     29	   1176	  0.8550	 34.6698
           	  151	     52	   1228	  1.5330	 36.2028
           	  152	     41	   1269	  1.2087	 37.4116
           	  153	     20	   1289	  0.5896	 38.0012
           	  154	     22	   1311	  0.6486	 38.6498
           	  155	     14	   1325	  0.4127	 39.0625
           	  156	     12	   1337	  0.3538	 39.4163
           	  157	     12	   1349	  0.3538	 39.7700
           	  158	      4	   1353	  0.1179	 39.8880
           	  159	      2	   1355	  0.0590	 39.9469
           	  160	      2	   1357	  0.0590	 40.0059
           	  161	      0	   1357	  0.0000	 40.0059
           	  162	      0	   1357	  0.0000	 40.0059
           	  163	      3	   1360	  0.0884	 40.0943
           	  164	      1	   1361	  0.0295	 40.1238
           	  165	      1	   1362	  0.0295	 40.1533
           	  166	      4	   1366	  0.1179	 40.2712
           	  167	     10	   1376	  0.2948	 40.5660
           	  168	     12	   1388	  0.3538	 40.9198
           	  169	     24	   1412	  0.7075	 41.6274
           	  170	     62	   1474	  1.8278	 43.4552
           	  171	    124	   1598	  3.6557	 47.1108
           	  172	    184	   1782	  5.4245	 52.5354
           	  173	     41	   1823	  1.2087	 53.7441
           	  174	     10	   1833	  0.2948	 54.0389
           	  175	      8	   1841	  0.2358	 54.2748
           	  176	      6	   1847	  0.1769	 54.4517
           	  177	      2	   1849	  0.0590	 54.5106
           	  178	      2	   1851	  0.0590	 54.5696
           	  179	      3	   1854	  0.0884	 54.6580
           	  180	      2	   1856	  0.0590	 54.7170
           	  181	      1	   1857	  0.0295	 54.7465
           	  182	      1	   1858	  0.0295	 54.7759
           	  183	      4	   1862	  0.1179	 54.8939
           	  184	      8	   1870	  0.2358	 55.1297
           	  185	      8	   1878	  0.2358	 55.3656
           	  186	      6	   1884	  0.1769	 55.5425
           	  187	      9	   1893	  0.2653	 55.8078
           	  188	     13	   1906	  0.3833	 56.1910
           	  189	     24	   1930	  0.7075	 56.8986
           	  190	     27	   1957	  0.7960	 57.6946
           	  191	     36	   1993	  1.0613	 58.7559
           	  192	    104	   2097	  3.0660	 61.8219
           	  193	    162	   2259	  4.7759	 66.5979
           	  194	    155	   2414	  4.5696	 71.1675
           	  195	     58	   2472	  1.7099	 72.8774
           	  196	     38	   2510	  1.1203	 73.9976
           	  197	     34	   2544	  1.0024	 75.0000
           	  198	     29	   2573	  0.8550	 75.8550
           	  199	     32	   2605	  0.9434	 76.7983
           	  200	     32	   2637	  0.9434	 77.7417
           	  201	     38	   2675	  1.1203	 78.8620
           	  202	     31	   2706	  0.9139	 79.7759
           	  203	     27	   2733	  0.7960	 80.5719
           	  204	     29	   2762	  0.8550	 81.4269
           	  205	     28	   2790	  0.8255	 82.2524
           	  206	     28	   2818	  0.8255	 83.0778
           	  207	     29	   2847	  0.8550	 83.9328
           	  208	     27	   2874	  0.7960	 84.7288
           	  209	     22	   2896	  0.6486	 85.3774
           	  210	     29	   2925	  0.8550	 86.2323
           	  211	     27	   2952	  0.7960	 87.0283
           	  212	      9	   2961	  0.2653	 87.2936
           	  213	     13	   2974	  0.3833	 87.6769
           	  214	     13	   2987	  0.3833	 88.0601
           	  215	      8	   2995	  0.2358	 88.2960
           	  216	     15	   3010	  0.4422	 88.7382
           	  217	     28	   3038	  0.8255	 89.5637
           	  218	     61	   3099	  1.7983	 91.3620
           	  219	    108	   3207	  3.1840	 94.5460
           	  220	     97	   3304	  2.8597	 97.4057
           	  221	     64	   3368	  1.8868	 99.2925
           	  222	     17	   3385	  0.5012	 99.7936
           	  223	      5	   3390	  0.1474	 99.9410
           	  224	      1	   3391	  0.0295	 99.9705
           	  225	      1	   3392	  0.0295	100.0000

Histogram  	   DN	   Npts	  Total	 Percent	 Acc Pct
Band 3     	   96	      2	      2	  0.0590	  0.0590
           	   97	      5	      7	  0.1474	  0.2064
           	   98	     15	     22	  0.4422	  0.6486
           	   99	     14	     36	  0.4127	  1.0613
           	  100	     13	     49	  0.3833	  1.4446
           	  101	     38	     87	  1.1203	  2.5649
           	  102	     64	    151	  1.8868	  4.4517
           	  103	     42	    193	  1.2382	  5.6899
           	  104	     51	    244	  1.5035	  7.1934
           	  105	     42	    286	  1.2382	  8.4316
           	  106	     25	    311	  0.7370	  9.1686
           	  107	     24	    335	  0.7075	  9.8762
           	  108	      0	    335	  0.0000	  9.8762
           	  109	      0	    335	  0.0000	  9.8762
           	  110	      0	    335	  0.0000	  9.8762
           	  111	      0	    335	  0.0000	  9.8762
           	  112	      0	    335	  0.0000	  9.8762
           	  113	      0	    335	  0.0000	  9.8762
           	  114	      2	    337	  0.0590	  9.9351
           	  115	      3	    340	  0.0884	 10.0236
           	  116	      7	    347	  0.2064	 10.2300
           	  117	     24	    371	  0.7075	 10.9375
           	  118	     72	    443	  2.1226	 13.0601
           	  119	    107	    550	  3.1545	 16.2146
           	  120	    101	    651	  2.9776	 19.1922
           	  121	     89	    740	  2.6238	 21.8160
           	  122	     63	    803	  1.8573	 23.6733
           	  123	     58	    861	  1.7099	 25.3833
           	  124	     98	    959	  2.8892	 28.2724
           	  125	     80	   1039	  2.3585	 30.6309
           	  126	     39	   1078	  1.1498	 31.7807
           	  127	     19	   1097	  0.5601	 32.3408
           	  128	     16	   1113	  0.4717	 32.8125
           	  129	     12	   1125	  0.3538	 33.1663
           	  130	      3	   1128	  0.0884	 33.2547
           	  131	      3	   1131	  0.0884	 33.3432
           	  132	      1	   1132	  0.0295	 33.3726
           	  133	      1	   1133	  0.0295	 33.4021
           	  134	      1	   1134	  0.0295	 33.4316
           	  135	      3	   1137	  0.0884	 33.5200
           	  136	      3	   1140	  0.0884	 33.6085
           	  137	      4	   1144	  0.1179	 33.7264
           	  138	     17	   1161	  0.5012	 34.2276
           	  139	     37	   1198	  1.0908	 35.3184
           	  140	     70	   1268	  2.0637	 37.3821
           	  141	     83	   1351	  2.4469	 39.8290
           	  142	     98	   1449	  2.8892	 42.7182
           	  143	     88	   1537	  2.5943	 45.3125
           	  144	     50	   1587	  1.4741	 46.7866
           	  145	     18	   1605	  0.5307	 47.3172
           	  146	      9	   1614	  0.2653	 47.5825
           	  147	      3	   1617	  0.0884	 47.6710
           	  148	      4	   1621	  0.1179	 47.7889
           	  149	      2	   1623	  0.0590	 47.8479
           	  150	      2	   1625	  0.0590	 47.9068
           	  151	      1	   1626	  0.0295	 47.9363
           	  152	      1	   1627	  0.0295	 47.9658
           	  153	      6	   1633	  0.1769	 48.1427
           	  154	     16	   1649	  0.4717	 48.6144
           	  155	     52	   1701	  1.5330	 50.1474
           	  156	     57	   1758	  1.6804	 51.8278
           	  157	     40	   1798	  1.1792	 53.0071
           	  158	     21	   1819	  0.6191	 53.6262
           	  159	     13	   1832	  0.3833	 54.0094
           	  160	     13	   1845	  0.3833	 54.3927
           	  161	      7	   1852	  0.2064	 54.5991
           	  162	      1	   1853	  0.0295	 54.6285
           	  163	      0	   1853	  0.0000	 54.6285
           	  164	      0	   1853	  0.0000	 54.6285
           	  165	      0	   1853	  0.0000	 54.6285
           	  166	      5	   1858	  0.1474	 54.7759
           	  167	      4	   1862	  0.1179	 54.8939
           	  168	      6	   1868	  0.1769	 55.0708
           	  169	      3	   1871	  0.0884	 55.1592
           	  170	      0	   1871	  0.0000	 55.1592
           	  171	      1	   1872	  0.0295	 55.1887
           	  172	      6	   1878	  0.1769	 55.3656
           	  173	      8	   1886	  0.2358	 55.6014
           	  174	      8	   1894	  0.2358	 55.8373
           	  175	     10	   1904	  0.2948	 56.1321
           	  176	     12	   1916	  0.3538	 56.4858
           	  177	     20	   1936	  0.5896	 57.0755
           	  178	     26	   1962	  0.7665	 57.8420
           	  179	     58	   2020	  1.7099	 59.5519
           	  180	     90	   2110	  2.6533	 62.2052
           	  181	    130	   2240	  3.8325	 66.0377
           	  182	    148	   2388	  4.3632	 70.4009
           	  183	     54	   2442	  1.5920	 71.9929
           	  184	     41	   2483	  1.2087	 73.2017
           	  185	     49	   2532	  1.4446	 74.6462
           	  186	     36	   2568	  1.0613	 75.7075
           	  187	     31	   2599	  0.9139	 76.6215
           	  188	     46	   2645	  1.3561	 77.9776
           	  189	     45	   2690	  1.3267	 79.3042
           	  190	     47	   2737	  1.3856	 80.6899
           	  191	     40	   2777	  1.1792	 81.8691
           	  192	     43	   2820	  1.2677	 83.1368
           	  193	     39	   2859	  1.1498	 84.2866
           	  194	     38	   2897	  1.1203	 85.4068
           	  195	     22	   2919	  0.6486	 86.0554
           	  196	     22	   2941	  0.6486	 86.7040
           	  197	     22	   2963	  0.6486	 87.3526
           	  198	     10	   2973	  0.2948	 87.6474
           	  199	      9	   2982	  0.2653	 87.9127
           	  200	      6	   2988	  0.1769	 88.0896
           	  201	      8	   2996	  0.2358	 88.3255
           	  202	     10	   3006	  0.2948	 88.6203
           	  203	      2	   3008	  0.0590	 88.6792
           	  204	      2	   3010	  0.0590	 88.7382
           	  205	      1	   3011	  0.0295	 88.7677
           	  206	      5	   3016	  0.1474	 88.9151
           	  207	      6	   3022	  0.1769	 89.0920
           	  208	     10	   3032	  0.2948	 89.3868
           	  209	     16	   3048	  0.4717	 89.8585
           	  210	     75	   3123	  2.2111	 92.0696
           	  211	    107	   3230	  3.1545	 95.2241
           	  212	     98	   3328	  2.8892	 98.1132
           	  213	     51	   3379	  1.5035	 99.6167
           	  214	     11	   3390	  0.3243	 99.9410
           	  215	      2	   3392	  0.0590	100.0000

Stats for ROI: Vegetation [Green] 3719 points
Basic Stats	  Min	  Max	      Mean	    Stdev
     Band 1	   41	  231	128.048400	25.652629
     Band 2	   53	  220	130.274536	24.682158
     Band 3	   24	  185	100.630546	19.753350

Histogram  	   DN	   Npts	  Total	 Percent	 Acc Pct
Band 1     	   41	      2	      2	  0.0538	  0.0538
           	   42	      1	      3	  0.0269	  0.0807
           	   43	      1	      4	  0.0269	  0.1076
           	   44	      2	      6	  0.0538	  0.1613
           	   45	      0	      6	  0.0000	  0.1613
           	   46	      3	      9	  0.0807	  0.2420
           	   47	      5	     14	  0.1344	  0.3764
           	   48	      5	     19	  0.1344	  0.5109
           	   49	      3	     22	  0.0807	  0.5916
           	   50	      5	     27	  0.1344	  0.7260
           	   51	      7	     34	  0.1882	  0.9142
           	   52	      4	     38	  0.1076	  1.0218
           	   53	      5	     43	  0.1344	  1.1562
           	   54	     11	     54	  0.2958	  1.4520
           	   55	      5	     59	  0.1344	  1.5864
           	   56	      8	     67	  0.2151	  1.8016
           	   57	     11	     78	  0.2958	  2.0973
           	   58	      9	     87	  0.2420	  2.3393
           	   59	     18	    105	  0.4840	  2.8233
           	   60	     13	    118	  0.3496	  3.1729
           	   61	     10	    128	  0.2689	  3.4418
           	   62	     11	    139	  0.2958	  3.7376
           	   63	     12	    151	  0.3227	  4.0602
           	   64	     18	    169	  0.4840	  4.5442
           	   65	     12	    181	  0.3227	  4.8669
           	   66	     11	    192	  0.2958	  5.1627
           	   67	     11	    203	  0.2958	  5.4585
           	   68	     10	    213	  0.2689	  5.7273
           	   69	      7	    220	  0.1882	  5.9156
           	   70	      6	    226	  0.1613	  6.0769
           	   71	      4	    230	  0.1076	  6.1845
           	   72	      3	    233	  0.0807	  6.2651
           	   73	      3	    236	  0.0807	  6.3458
           	   74	      4	    240	  0.1076	  6.4533
           	   75	      1	    241	  0.0269	  6.4802
           	   76	      3	    244	  0.0807	  6.5609
           	   77	      2	    246	  0.0538	  6.6147
           	   78	      0	    246	  0.0000	  6.6147
           	   79	      4	    250	  0.1076	  6.7222
           	   80	      0	    250	  0.0000	  6.7222
           	   81	      1	    251	  0.0269	  6.7491
           	   82	      2	    253	  0.0538	  6.8029
           	   83	      2	    255	  0.0538	  6.8567
           	   84	      0	    255	  0.0000	  6.8567
           	   85	      3	    258	  0.0807	  6.9373
           	   86	      2	    260	  0.0538	  6.9911
           	   87	      3	    263	  0.0807	  7.0718
           	   88	      5	    268	  0.1344	  7.2062
           	   89	      0	    268	  0.0000	  7.2062
           	   90	      1	    269	  0.0269	  7.2331
           	   91	      0	    269	  0.0000	  7.2331
           	   92	      3	    272	  0.0807	  7.3138
           	   93	      4	    276	  0.1076	  7.4213
           	   94	      2	    278	  0.0538	  7.4751
           	   95	      9	    287	  0.2420	  7.7171
           	   96	      6	    293	  0.1613	  7.8785
           	   97	      7	    300	  0.1882	  8.0667
           	   98	      9	    309	  0.2420	  8.3087
           	   99	      7	    316	  0.1882	  8.4969
           	  100	      7	    323	  0.1882	  8.6851
           	  101	     12	    335	  0.3227	  9.0078
           	  102	     13	    348	  0.3496	  9.3574
           	  103	     11	    359	  0.2958	  9.6531
           	  104	     11	    370	  0.2958	  9.9489
           	  105	     10	    380	  0.2689	 10.2178
           	  106	     21	    401	  0.5647	 10.7825
           	  107	     22	    423	  0.5916	 11.3740
           	  108	     38	    461	  1.0218	 12.3958
           	  109	     39	    500	  1.0487	 13.4445
           	  110	     34	    534	  0.9142	 14.3587
           	  111	     48	    582	  1.2907	 15.6494
           	  112	     38	    620	  1.0218	 16.6711
           	  113	     41	    661	  1.1024	 17.7736
           	  114	     44	    705	  1.1831	 18.9567
           	  115	     46	    751	  1.2369	 20.1936
           	  116	     36	    787	  0.9680	 21.1616
           	  117	     39	    826	  1.0487	 22.2103
           	  118	     31	    857	  0.8336	 23.0438
           	  119	     32	    889	  0.8604	 23.9043
           	  120	     42	    931	  1.1293	 25.0336
           	  121	     33	    964	  0.8873	 25.9209
           	  122	     53	   1017	  1.4251	 27.3461
           	  123	     36	   1053	  0.9680	 28.3141
           	  124	     43	   1096	  1.1562	 29.4703
           	  125	     40	   1136	  1.0756	 30.5458
           	  126	     51	   1187	  1.3713	 31.9172
           	  127	     77	   1264	  2.0704	 33.9876
           	  128	     81	   1345	  2.1780	 36.1656
           	  129	    123	   1468	  3.3073	 39.4730
           	  130	    138	   1606	  3.7107	 43.1837
           	  131	    147	   1753	  3.9527	 47.1363
           	  132	    201	   1954	  5.4047	 52.5410
           	  133	    224	   2178	  6.0231	 58.5641
           	  134	    177	   2355	  4.7593	 63.3235
           	  135	    172	   2527	  4.6249	 67.9484
           	  136	    152	   2679	  4.0871	 72.0355
           	  137	    146	   2825	  3.9258	 75.9613
           	  138	    123	   2948	  3.3073	 79.2686
           	  139	     84	   3032	  2.2587	 81.5273
           	  140	     77	   3109	  2.0704	 83.5977
           	  141	     69	   3178	  1.8553	 85.4531
           	  142	     57	   3235	  1.5327	 86.9857
           	  143	     60	   3295	  1.6133	 88.5991
           	  144	     40	   3335	  1.0756	 89.6746
           	  145	     26	   3361	  0.6991	 90.3738
           	  146	     21	   3382	  0.5647	 90.9384
           	  147	     18	   3400	  0.4840	 91.4224
           	  148	     24	   3424	  0.6453	 92.0678
           	  149	     15	   3439	  0.4033	 92.4711
           	  150	     13	   3452	  0.3496	 92.8207
           	  151	     11	   3463	  0.2958	 93.1164
           	  152	     10	   3473	  0.2689	 93.3853
           	  153	     12	   3485	  0.3227	 93.7080
           	  154	      8	   3493	  0.2151	 93.9231
           	  155	      9	   3502	  0.2420	 94.1651
           	  156	     12	   3514	  0.3227	 94.4878
           	  157	     10	   3524	  0.2689	 94.7567
           	  158	      2	   3526	  0.0538	 94.8104
           	  159	      5	   3531	  0.1344	 94.9449
           	  160	      2	   3533	  0.0538	 94.9987
           	  161	      3	   3536	  0.0807	 95.0793
           	  162	      3	   3539	  0.0807	 95.1600
           	  163	      0	   3539	  0.0000	 95.1600
           	  164	      4	   3543	  0.1076	 95.2675
           	  165	      1	   3544	  0.0269	 95.2944
           	  166	      5	   3549	  0.1344	 95.4289
           	  167	      1	   3550	  0.0269	 95.4558
           	  168	      3	   3553	  0.0807	 95.5364
           	  169	      6	   3559	  0.1613	 95.6978
           	  170	      2	   3561	  0.0538	 95.7515
           	  171	      1	   3562	  0.0269	 95.7784
           	  172	      2	   3564	  0.0538	 95.8322
           	  173	      2	   3566	  0.0538	 95.8860
           	  174	      2	   3568	  0.0538	 95.9398
           	  175	      6	   3574	  0.1613	 96.1011
           	  176	      2	   3576	  0.0538	 96.1549
           	  177	      4	   3580	  0.1076	 96.2624
           	  178	      3	   3583	  0.0807	 96.3431
           	  179	      3	   3586	  0.0807	 96.4238
           	  180	      0	   3586	  0.0000	 96.4238
           	  181	      5	   3591	  0.1344	 96.5582
           	  182	      2	   3593	  0.0538	 96.6120
           	  183	      1	   3594	  0.0269	 96.6389
           	  184	      4	   3598	  0.1076	 96.7464
           	  185	      4	   3602	  0.1076	 96.8540
           	  186	      3	   3605	  0.0807	 96.9347
           	  187	      3	   3608	  0.0807	 97.0153
           	  188	      7	   3615	  0.1882	 97.2035
           	  189	      3	   3618	  0.0807	 97.2842
           	  190	      1	   3619	  0.0269	 97.3111
           	  191	      4	   3623	  0.1076	 97.4187
           	  192	      4	   3627	  0.1076	 97.5262
           	  193	      4	   3631	  0.1076	 97.6338
           	  194	      5	   3636	  0.1344	 97.7682
           	  195	      3	   3639	  0.0807	 97.8489
           	  196	      3	   3642	  0.0807	 97.9296
           	  197	      3	   3645	  0.0807	 98.0102
           	  198	      3	   3648	  0.0807	 98.0909
           	  199	      6	   3654	  0.1613	 98.2522
           	  200	      3	   3657	  0.0807	 98.3329
           	  201	      2	   3659	  0.0538	 98.3867
           	  202	      3	   3662	  0.0807	 98.4673
           	  203	      7	   3669	  0.1882	 98.6556
           	  204	      4	   3673	  0.1076	 98.7631
           	  205	      2	   3675	  0.0538	 98.8169
           	  206	      3	   3678	  0.0807	 98.8976
           	  207	      1	   3679	  0.0269	 98.9244
           	  208	      4	   3683	  0.1076	 99.0320
           	  209	      4	   3687	  0.1076	 99.1396
           	  210	      2	   3689	  0.0538	 99.1933
           	  211	      3	   3692	  0.0807	 99.2740
           	  212	      3	   3695	  0.0807	 99.3547
           	  213	      3	   3698	  0.0807	 99.4353
           	  214	      3	   3701	  0.0807	 99.5160
           	  215	      2	   3703	  0.0538	 99.5698
           	  216	      0	   3703	  0.0000	 99.5698
           	  217	      1	   3704	  0.0269	 99.5967
           	  218	      1	   3705	  0.0269	 99.6236
           	  219	      1	   3706	  0.0269	 99.6504
           	  220	      1	   3707	  0.0269	 99.6773
           	  221	      0	   3707	  0.0000	 99.6773
           	  222	      3	   3710	  0.0807	 99.7580
           	  223	      1	   3711	  0.0269	 99.7849
           	  224	      0	   3711	  0.0000	 99.7849
           	  225	      1	   3712	  0.0269	 99.8118
           	  226	      2	   3714	  0.0538	 99.8656
           	  227	      1	   3715	  0.0269	 99.8924
           	  228	      0	   3715	  0.0000	 99.8924
           	  229	      1	   3716	  0.0269	 99.9193
           	  230	      2	   3718	  0.0538	 99.9731
           	  231	      1	   3719	  0.0269	100.0000

Histogram  	   DN	   Npts	  Total	 Percent	 Acc Pct
Band 2     	   53	      1	      1	  0.0269	  0.0269
           	   54	      0	      1	  0.0000	  0.0269
           	   55	      1	      2	  0.0269	  0.0538
           	   56	      1	      3	  0.0269	  0.0807
           	   57	      2	      5	  0.0538	  0.1344
           	   58	      1	      6	  0.0269	  0.1613
           	   59	      2	      8	  0.0538	  0.2151
           	   60	      3	     11	  0.0807	  0.2958
           	   61	      4	     15	  0.1076	  0.4033
           	   62	      3	     18	  0.0807	  0.4840
           	   63	      6	     24	  0.1613	  0.6453
           	   64	      1	     25	  0.0269	  0.6722
           	   65	      9	     34	  0.2420	  0.9142
           	   66	      7	     41	  0.1882	  1.1024
           	   67	      8	     49	  0.2151	  1.3176
           	   68	     10	     59	  0.2689	  1.5864
           	   69	      7	     66	  0.1882	  1.7747
           	   70	     12	     78	  0.3227	  2.0973
           	   71	      9	     87	  0.2420	  2.3393
           	   72	     10	     97	  0.2689	  2.6082
           	   73	     10	    107	  0.2689	  2.8771
           	   74	     12	    119	  0.3227	  3.1998
           	   75	     16	    135	  0.4302	  3.6300
           	   76	     16	    151	  0.4302	  4.0602
           	   77	     17	    168	  0.4571	  4.5173
           	   78	     22	    190	  0.5916	  5.1089
           	   79	     15	    205	  0.4033	  5.5122
           	   80	     18	    223	  0.4840	  5.9962
           	   81	     11	    234	  0.2958	  6.2920
           	   82	     11	    245	  0.2958	  6.5878
           	   83	      9	    254	  0.2420	  6.8298
           	   84	     13	    267	  0.3496	  7.1793
           	   85	      3	    270	  0.0807	  7.2600
           	   86	      2	    272	  0.0538	  7.3138
           	   87	     11	    283	  0.2958	  7.6096
           	   88	      9	    292	  0.2420	  7.8516
           	   89	     10	    302	  0.2689	  8.1205
           	   90	     12	    314	  0.3227	  8.4431
           	   91	     14	    328	  0.3764	  8.8196
           	   92	      4	    332	  0.1076	  8.9271
           	   93	     10	    342	  0.2689	  9.1960
           	   94	     13	    355	  0.3496	  9.5456
           	   95	      7	    362	  0.1882	  9.7338
           	   96	      8	    370	  0.2151	  9.9489
           	   97	     12	    382	  0.3227	 10.2716
           	   98	      4	    386	  0.1076	 10.3791
           	   99	     16	    402	  0.4302	 10.8094
           	  100	     10	    412	  0.2689	 11.0782
           	  101	     16	    428	  0.4302	 11.5085
           	  102	     15	    443	  0.4033	 11.9118
           	  103	     18	    461	  0.4840	 12.3958
           	  104	     22	    483	  0.5916	 12.9874
           	  105	     22	    505	  0.5916	 13.5789
           	  106	     40	    545	  1.0756	 14.6545
           	  107	     47	    592	  1.2638	 15.9183
           	  108	     50	    642	  1.3444	 17.2627
           	  109	     50	    692	  1.3444	 18.6072
           	  110	     45	    737	  1.2100	 19.8172
           	  111	     33	    770	  0.8873	 20.7045
           	  112	     43	    813	  1.1562	 21.8607
           	  113	     37	    850	  0.9949	 22.8556
           	  114	     43	    893	  1.1562	 24.0118
           	  115	     38	    931	  1.0218	 25.0336
           	  116	     36	    967	  0.9680	 26.0016
           	  117	     36	   1003	  0.9680	 26.9696
           	  118	     47	   1050	  1.2638	 28.2334
           	  119	     38	   1088	  1.0218	 29.2552
           	  120	     31	   1119	  0.8336	 30.0887
           	  121	     38	   1157	  1.0218	 31.1105
           	  122	     31	   1188	  0.8336	 31.9441
           	  123	     20	   1208	  0.5378	 32.4818
           	  124	     27	   1235	  0.7260	 33.2079
           	  125	     36	   1271	  0.9680	 34.1759
           	  126	     24	   1295	  0.6453	 34.8212
           	  127	     22	   1317	  0.5916	 35.4127
           	  128	     19	   1336	  0.5109	 35.9236
           	  129	     23	   1359	  0.6184	 36.5421
           	  130	     18	   1377	  0.4840	 37.0261
           	  131	     25	   1402	  0.6722	 37.6983
           	  132	     25	   1427	  0.6722	 38.3705
           	  133	     32	   1459	  0.8604	 39.2310
           	  134	     50	   1509	  1.3444	 40.5754
           	  135	     78	   1587	  2.0973	 42.6728
           	  136	     95	   1682	  2.5545	 45.2272
           	  137	    115	   1797	  3.0922	 48.3194
           	  138	    152	   1949	  4.0871	 52.4066
           	  139	    176	   2125	  4.7325	 57.1390
           	  140	    174	   2299	  4.6787	 61.8177
           	  141	    188	   2487	  5.0551	 66.8728
           	  142	    179	   2666	  4.8131	 71.6859
           	  143	    164	   2830	  4.4098	 76.0957
           	  144	    137	   2967	  3.6838	 79.7795
           	  145	     94	   3061	  2.5276	 82.3071
           	  146	     93	   3154	  2.5007	 84.8077
           	  147	     70	   3224	  1.8822	 86.6900
           	  148	     47	   3271	  1.2638	 87.9538
           	  149	     48	   3319	  1.2907	 89.2444
           	  150	     47	   3366	  1.2638	 90.5082
           	  151	     30	   3396	  0.8067	 91.3149
           	  152	     25	   3421	  0.6722	 91.9871
           	  153	     25	   3446	  0.6722	 92.6593
           	  154	      9	   3455	  0.2420	 92.9013
           	  155	     21	   3476	  0.5647	 93.4660
           	  156	     10	   3486	  0.2689	 93.7349
           	  157	     10	   3496	  0.2689	 94.0038
           	  158	     13	   3509	  0.3496	 94.3533
           	  159	      9	   3518	  0.2420	 94.5953
           	  160	     10	   3528	  0.2689	 94.8642
           	  161	     11	   3539	  0.2958	 95.1600
           	  162	      9	   3548	  0.2420	 95.4020
           	  163	     10	   3558	  0.2689	 95.6709
           	  164	      4	   3562	  0.1076	 95.7784
           	  165	      4	   3566	  0.1076	 95.8860
           	  166	      4	   3570	  0.1076	 95.9935
           	  167	      4	   3574	  0.1076	 96.1011
           	  168	      2	   3576	  0.0538	 96.1549
           	  169	      6	   3582	  0.1613	 96.3162
           	  170	      2	   3584	  0.0538	 96.3700
           	  171	      2	   3586	  0.0538	 96.4238
           	  172	      3	   3589	  0.0807	 96.5044
           	  173	      3	   3592	  0.0807	 96.5851
           	  174	      3	   3595	  0.0807	 96.6658
           	  175	      3	   3598	  0.0807	 96.7464
           	  176	      6	   3604	  0.1613	 96.9078
           	  177	      2	   3606	  0.0538	 96.9615
           	  178	      3	   3609	  0.0807	 97.0422
           	  179	      4	   3613	  0.1076	 97.1498
           	  180	      6	   3619	  0.1613	 97.3111
           	  181	      7	   3626	  0.1882	 97.4993
           	  182	      1	   3627	  0.0269	 97.5262
           	  183	      1	   3628	  0.0269	 97.5531
           	  184	      1	   3629	  0.0269	 97.5800
           	  185	      3	   3632	  0.0807	 97.6607
           	  186	      3	   3635	  0.0807	 97.7413
           	  187	     11	   3646	  0.2958	 98.0371
           	  188	      6	   3652	  0.1613	 98.1984
           	  189	      2	   3654	  0.0538	 98.2522
           	  190	      5	   3659	  0.1344	 98.3867
           	  191	      4	   3663	  0.1076	 98.4942
           	  192	      4	   3667	  0.1076	 98.6018
           	  193	      0	   3667	  0.0000	 98.6018
           	  194	      2	   3669	  0.0538	 98.6556
           	  195	      5	   3674	  0.1344	 98.7900
           	  196	      3	   3677	  0.0807	 98.8707
           	  197	      4	   3681	  0.1076	 98.9782
           	  198	      4	   3685	  0.1076	 99.0858
           	  199	      5	   3690	  0.1344	 99.2202
           	  200	      2	   3692	  0.0538	 99.2740
           	  201	      2	   3694	  0.0538	 99.3278
           	  202	      1	   3695	  0.0269	 99.3547
           	  203	      4	   3699	  0.1076	 99.4622
           	  204	      2	   3701	  0.0538	 99.5160
           	  205	      4	   3705	  0.1076	 99.6236
           	  206	      0	   3705	  0.0000	 99.6236
           	  207	      0	   3705	  0.0000	 99.6236
           	  208	      0	   3705	  0.0000	 99.6236
           	  209	      1	   3706	  0.0269	 99.6504
           	  210	      5	   3711	  0.1344	 99.7849
           	  211	      2	   3713	  0.0538	 99.8387
           	  212	      1	   3714	  0.0269	 99.8656
           	  213	      0	   3714	  0.0000	 99.8656
           	  214	      1	   3715	  0.0269	 99.8924
           	  215	      1	   3716	  0.0269	 99.9193
           	  216	      0	   3716	  0.0000	 99.9193
           	  217	      1	   3717	  0.0269	 99.9462
           	  218	      1	   3718	  0.0269	 99.9731
           	  219	      0	   3718	  0.0000	 99.9731
           	  220	      1	   3719	  0.0269	100.0000

Histogram  	   DN	   Npts	  Total	 Percent	 Acc Pct
Band 3     	   24	      1	      1	  0.0269	  0.0269
           	   25	      0	      1	  0.0000	  0.0269
           	   26	      0	      1	  0.0000	  0.0269
           	   27	      0	      1	  0.0000	  0.0269
           	   28	      0	      1	  0.0000	  0.0269
           	   29	      0	      1	  0.0000	  0.0269
           	   30	      0	      1	  0.0000	  0.0269
           	   31	      0	      1	  0.0000	  0.0269
           	   32	      0	      1	  0.0000	  0.0269
           	   33	      2	      3	  0.0538	  0.0807
           	   34	      0	      3	  0.0000	  0.0807
           	   35	      0	      3	  0.0000	  0.0807
           	   36	      1	      4	  0.0269	  0.1076
           	   37	      0	      4	  0.0000	  0.1076
           	   38	      1	      5	  0.0269	  0.1344
           	   39	      0	      5	  0.0000	  0.1344
           	   40	      2	      7	  0.0538	  0.1882
           	   41	      0	      7	  0.0000	  0.1882
           	   42	      0	      7	  0.0000	  0.1882
           	   43	      6	     13	  0.1613	  0.3496
           	   44	      5	     18	  0.1344	  0.4840
           	   45	      5	     23	  0.1344	  0.6184
           	   46	      4	     27	  0.1076	  0.7260
           	   47	      6	     33	  0.1613	  0.8873
           	   48	      8	     41	  0.2151	  1.1024
           	   49	      3	     44	  0.0807	  1.1831
           	   50	     12	     56	  0.3227	  1.5058
           	   51	      7	     63	  0.1882	  1.6940
           	   52	      7	     70	  0.1882	  1.8822
           	   53	     14	     84	  0.3764	  2.2587
           	   54	      8	     92	  0.2151	  2.4738
           	   55	     14	    106	  0.3764	  2.8502
           	   56	     20	    126	  0.5378	  3.3880
           	   57	     22	    148	  0.5916	  3.9796
           	   58	     20	    168	  0.5378	  4.5173
           	   59	     17	    185	  0.4571	  4.9745
           	   60	     18	    203	  0.4840	  5.4585
           	   61	     26	    229	  0.6991	  6.1576
           	   62	     15	    244	  0.4033	  6.5609
           	   63	     18	    262	  0.4840	  7.0449
           	   64	      8	    270	  0.2151	  7.2600
           	   65	     17	    287	  0.4571	  7.7171
           	   66	     13	    300	  0.3496	  8.0667
           	   67	      9	    309	  0.2420	  8.3087
           	   68	      7	    316	  0.1882	  8.4969
           	   69	      7	    323	  0.1882	  8.6851
           	   70	      7	    330	  0.1882	  8.8734
           	   71	      8	    338	  0.2151	  9.0885
           	   72	     14	    352	  0.3764	  9.4649
           	   73	     10	    362	  0.2689	  9.7338
           	   74	     17	    379	  0.4571	 10.1909
           	   75	     11	    390	  0.2958	 10.4867
           	   76	     10	    400	  0.2689	 10.7556
           	   77	     14	    414	  0.3764	 11.1320
           	   78	     15	    429	  0.4033	 11.5354
           	   79	     20	    449	  0.5378	 12.0731
           	   80	     25	    474	  0.6722	 12.7454
           	   81	     41	    515	  1.1024	 13.8478
           	   82	     44	    559	  1.1831	 15.0309
           	   83	     38	    597	  1.0218	 16.0527
           	   84	     35	    632	  0.9411	 16.9938
           	   85	     37	    669	  0.9949	 17.9887
           	   86	     32	    701	  0.8604	 18.8492
           	   87	     34	    735	  0.9142	 19.7634
           	   88	     45	    780	  1.2100	 20.9734
           	   89	     38	    818	  1.0218	 21.9952
           	   90	     43	    861	  1.1562	 23.1514
           	   91	     48	    909	  1.2907	 24.4421
           	   92	     67	    976	  1.8016	 26.2436
           	   93	     55	   1031	  1.4789	 27.7225
           	   94	     73	   1104	  1.9629	 29.6854
           	   95	     64	   1168	  1.7209	 31.4063
           	   96	     59	   1227	  1.5864	 32.9927
           	   97	     69	   1296	  1.8553	 34.8481
           	   98	     77	   1373	  2.0704	 36.9185
           	   99	     69	   1442	  1.8553	 38.7739
           	  100	     75	   1517	  2.0167	 40.7905
           	  101	     84	   1601	  2.2587	 43.0492
           	  102	    107	   1708	  2.8771	 45.9263
           	  103	    101	   1809	  2.7158	 48.6421
           	  104	    126	   1935	  3.3880	 52.0301
           	  105	    155	   2090	  4.1678	 56.1979
           	  106	    148	   2238	  3.9796	 60.1775
           	  107	    161	   2399	  4.3291	 64.5066
           	  108	    148	   2547	  3.9796	 68.4862
           	  109	    138	   2685	  3.7107	 72.1968
           	  110	    129	   2814	  3.4687	 75.6655
           	  111	     96	   2910	  2.5813	 78.2468
           	  112	     79	   2989	  2.1242	 80.3711
           	  113	     66	   3055	  1.7747	 82.1457
           	  114	     72	   3127	  1.9360	 84.0817
           	  115	     45	   3172	  1.2100	 85.2917
           	  116	     46	   3218	  1.2369	 86.5286
           	  117	     45	   3263	  1.2100	 87.7386
           	  118	     29	   3292	  0.7798	 88.5184
           	  119	     20	   3312	  0.5378	 89.0562
           	  120	     23	   3335	  0.6184	 89.6746
           	  121	     17	   3352	  0.4571	 90.1318
           	  122	     22	   3374	  0.5916	 90.7233
           	  123	     19	   3393	  0.5109	 91.2342
           	  124	     18	   3411	  0.4840	 91.7182
           	  125	     20	   3431	  0.5378	 92.2560
           	  126	     11	   3442	  0.2958	 92.5518
           	  127	     19	   3461	  0.5109	 93.0627
           	  128	     13	   3474	  0.3496	 93.4122
           	  129	     18	   3492	  0.4840	 93.8962
           	  130	     12	   3504	  0.3227	 94.2189
           	  131	      7	   3511	  0.1882	 94.4071
           	  132	     13	   3524	  0.3496	 94.7567
           	  133	     10	   3534	  0.2689	 95.0255
           	  134	     18	   3552	  0.4840	 95.5095
           	  135	     15	   3567	  0.4033	 95.9129
           	  136	     15	   3582	  0.4033	 96.3162
           	  137	     20	   3602	  0.5378	 96.8540
           	  138	     13	   3615	  0.3496	 97.2035
           	  139	      8	   3623	  0.2151	 97.4187
           	  140	      7	   3630	  0.1882	 97.6069
           	  141	     13	   3643	  0.3496	 97.9564
           	  142	     11	   3654	  0.2958	 98.2522
           	  143	      8	   3662	  0.2151	 98.4673
           	  144	      2	   3664	  0.0538	 98.5211
           	  145	      8	   3672	  0.2151	 98.7362
           	  146	      2	   3674	  0.0538	 98.7900
           	  147	      5	   3679	  0.1344	 98.9244
           	  148	      5	   3684	  0.1344	 99.0589
           	  149	      2	   3686	  0.0538	 99.1127
           	  150	      0	   3686	  0.0000	 99.1127
           	  151	      1	   3687	  0.0269	 99.1396
           	  152	      2	   3689	  0.0538	 99.1933
           	  153	      5	   3694	  0.1344	 99.3278
           	  154	      3	   3697	  0.0807	 99.4084
           	  155	      1	   3698	  0.0269	 99.4353
           	  156	      2	   3700	  0.0538	 99.4891
           	  157	      3	   3703	  0.0807	 99.5698
           	  158	      2	   3705	  0.0538	 99.6236
           	  159	      0	   3705	  0.0000	 99.6236
           	  160	      1	   3706	  0.0269	 99.6504
           	  161	      2	   3708	  0.0538	 99.7042
           	  162	      3	   3711	  0.0807	 99.7849
           	  163	      0	   3711	  0.0000	 99.7849
           	  164	      2	   3713	  0.0538	 99.8387
           	  165	      0	   3713	  0.0000	 99.8387
           	  166	      1	   3714	  0.0269	 99.8656
           	  167	      1	   3715	  0.0269	 99.8924
           	  168	      1	   3716	  0.0269	 99.9193
           	  169	      0	   3716	  0.0000	 99.9193
           	  170	      1	   3717	  0.0269	 99.9462
           	  171	      0	   3717	  0.0000	 99.9462
           	  172	      1	   3718	  0.0269	 99.9731
           	  173	      0	   3718	  0.0000	 99.9731
           	  174	      0	   3718	  0.0000	 99.9731
           	  175	      0	   3718	  0.0000	 99.9731
           	  176	      0	   3718	  0.0000	 99.9731
           	  177	      0	   3718	  0.0000	 99.9731
           	  178	      0	   3718	  0.0000	 99.9731
           	  179	      0	   3718	  0.0000	 99.9731
           	  180	      0	   3718	  0.0000	 99.9731
           	  181	      0	   3718	  0.0000	 99.9731
           	  182	      0	   3718	  0.0000	 99.9731
           	  183	      0	   3718	  0.0000	 99.9731
           	  184	      0	   3718	  0.0000	 99.9731
           	  185	      1	   3719	  0.0269	100.0000

Stats for ROI: Bareland [Yellow] 3238 points
Basic Stats	  Min	  Max	      Mean	    Stdev
     Band 1	  122	  200	172.224830	10.399679
     Band 2	  112	  189	155.542928	 8.106061
     Band 3	   94	  173	136.283200	 8.110629

Histogram  	   DN	   Npts	  Total	 Percent	 Acc Pct
Band 1     	  122	      1	      1	  0.0309	  0.0309
           	  123	      0	      1	  0.0000	  0.0309
           	  124	      0	      1	  0.0000	  0.0309
           	  125	      0	      1	  0.0000	  0.0309
           	  126	      0	      1	  0.0000	  0.0309
           	  127	      0	      1	  0.0000	  0.0309
           	  128	      0	      1	  0.0000	  0.0309
           	  129	      0	      1	  0.0000	  0.0309
           	  130	      2	      3	  0.0618	  0.0926
           	  131	      0	      3	  0.0000	  0.0926
           	  132	      0	      3	  0.0000	  0.0926
           	  133	      0	      3	  0.0000	  0.0926
           	  134	      3	      6	  0.0926	  0.1853
           	  135	      1	      7	  0.0309	  0.2162
           	  136	      3	     10	  0.0926	  0.3088
           	  137	      3	     13	  0.0926	  0.4015
           	  138	      4	     17	  0.1235	  0.5250
           	  139	      1	     18	  0.0309	  0.5559
           	  140	      0	     18	  0.0000	  0.5559
           	  141	      4	     22	  0.1235	  0.6794
           	  142	      3	     25	  0.0926	  0.7721
           	  143	      4	     29	  0.1235	  0.8956
           	  144	      4	     33	  0.1235	  1.0191
           	  145	      5	     38	  0.1544	  1.1736
           	  146	      6	     44	  0.1853	  1.3589
           	  147	     12	     56	  0.3706	  1.7295
           	  148	     15	     71	  0.4632	  2.1927
           	  149	     10	     81	  0.3088	  2.5015
           	  150	      7	     88	  0.2162	  2.7177
           	  151	     13	    101	  0.4015	  3.1192
           	  152	     24	    125	  0.7412	  3.8604
           	  153	     35	    160	  1.0809	  4.9413
           	  154	     30	    190	  0.9265	  5.8678
           	  155	     35	    225	  1.0809	  6.9487
           	  156	     36	    261	  1.1118	  8.0605
           	  157	     53	    314	  1.6368	  9.6973
           	  158	     57	    371	  1.7603	 11.4577
           	  159	     45	    416	  1.3897	 12.8474
           	  160	     64	    480	  1.9765	 14.8240
           	  161	     61	    541	  1.8839	 16.7078
           	  162	     83	    624	  2.5633	 19.2712
           	  163	    103	    727	  3.1810	 22.4521
           	  164	     71	    798	  2.1927	 24.6448
           	  165	     78	    876	  2.4089	 27.0537
           	  166	     65	    941	  2.0074	 29.0611
           	  167	     89	   1030	  2.7486	 31.8098
           	  168	     95	   1125	  2.9339	 34.7437
           	  169	     89	   1214	  2.7486	 37.4923
           	  170	     81	   1295	  2.5015	 39.9938
           	  171	     77	   1372	  2.3780	 42.3718
           	  172	     77	   1449	  2.3780	 44.7498
           	  173	     95	   1544	  2.9339	 47.6838
           	  174	     78	   1622	  2.4089	 50.0926
           	  175	     70	   1692	  2.1618	 52.2545
           	  176	     70	   1762	  2.1618	 54.4163
           	  177	     94	   1856	  2.9030	 57.3193
           	  178	    104	   1960	  3.2119	 60.5312
           	  179	    182	   2142	  5.6208	 66.1519
           	  180	    230	   2372	  7.1032	 73.2551
           	  181	    258	   2630	  7.9679	 81.2230
           	  182	    190	   2820	  5.8678	 87.0908
           	  183	    167	   2987	  5.1575	 92.2483
           	  184	    118	   3105	  3.6442	 95.8925
           	  185	     40	   3145	  1.2353	 97.1279
           	  186	     24	   3169	  0.7412	 97.8691
           	  187	     20	   3189	  0.6177	 98.4867
           	  188	     15	   3204	  0.4632	 98.9500
           	  189	      7	   3211	  0.2162	 99.1662
           	  190	      4	   3215	  0.1235	 99.2897
           	  191	      4	   3219	  0.1235	 99.4132
           	  192	      6	   3225	  0.1853	 99.5985
           	  193	      3	   3228	  0.0926	 99.6912
           	  194	      3	   3231	  0.0926	 99.7838
           	  195	      1	   3232	  0.0309	 99.8147
           	  196	      4	   3236	  0.1235	 99.9382
           	  197	      0	   3236	  0.0000	 99.9382
           	  198	      0	   3236	  0.0000	 99.9382
           	  199	      1	   3237	  0.0309	 99.9691
           	  200	      1	   3238	  0.0309	100.0000

Histogram  	   DN	   Npts	  Total	 Percent	 Acc Pct
Band 2     	  112	      1	      1	  0.0309	  0.0309
           	  113	      0	      1	  0.0000	  0.0309
           	  114	      0	      1	  0.0000	  0.0309
           	  115	      0	      1	  0.0000	  0.0309
           	  116	      0	      1	  0.0000	  0.0309
           	  117	      0	      1	  0.0000	  0.0309
           	  118	      0	      1	  0.0000	  0.0309
           	  119	      1	      2	  0.0309	  0.0618
           	  120	      1	      3	  0.0309	  0.0926
           	  121	      0	      3	  0.0000	  0.0926
           	  122	      1	      4	  0.0309	  0.1235
           	  123	      1	      5	  0.0309	  0.1544
           	  124	      2	      7	  0.0618	  0.2162
           	  125	      2	      9	  0.0618	  0.2779
           	  126	      4	     13	  0.1235	  0.4015
           	  127	      3	     16	  0.0926	  0.4941
           	  128	      2	     18	  0.0618	  0.5559
           	  129	      2	     20	  0.0618	  0.6177
           	  130	      5	     25	  0.1544	  0.7721
           	  131	      1	     26	  0.0309	  0.8030
           	  132	     10	     36	  0.3088	  1.1118
           	  133	      6	     42	  0.1853	  1.2971
           	  134	      7	     49	  0.2162	  1.5133
           	  135	      8	     57	  0.2471	  1.7603
           	  136	     12	     69	  0.3706	  2.1309
           	  137	     20	     89	  0.6177	  2.7486
           	  138	     25	    114	  0.7721	  3.5207
           	  139	     19	    133	  0.5868	  4.1075
           	  140	     30	    163	  0.9265	  5.0340
           	  141	     36	    199	  1.1118	  6.1458
           	  142	     37	    236	  1.1427	  7.2884
           	  143	     51	    287	  1.5750	  8.8635
           	  144	     53	    340	  1.6368	 10.5003
           	  145	     51	    391	  1.5750	 12.0754
           	  146	     62	    453	  1.9148	 13.9901
           	  147	     51	    504	  1.5750	 15.5652
           	  148	     76	    580	  2.3471	 17.9123
           	  149	     67	    647	  2.0692	 19.9815
           	  150	     88	    735	  2.7177	 22.6992
           	  151	     91	    826	  2.8104	 25.5096
           	  152	     76	    902	  2.3471	 27.8567
           	  153	     86	    988	  2.6560	 30.5127
           	  154	    102	   1090	  3.1501	 33.6628
           	  155	    137	   1227	  4.2310	 37.8938
           	  156	    170	   1397	  5.2502	 43.1439
           	  157	    260	   1657	  8.0296	 51.1736
           	  158	    380	   2037	 11.7356	 62.9092
           	  159	    301	   2338	  9.2959	 72.2051
           	  160	    252	   2590	  7.7826	 79.9876
           	  161	    132	   2722	  4.0766	 84.0642
           	  162	    118	   2840	  3.6442	 87.7085
           	  163	     78	   2918	  2.4089	 90.1174
           	  164	     60	   2978	  1.8530	 91.9704
           	  165	     44	   3022	  1.3589	 93.3292
           	  166	     36	   3058	  1.1118	 94.4410
           	  167	     29	   3087	  0.8956	 95.3366
           	  168	     26	   3113	  0.8030	 96.1396
           	  169	     19	   3132	  0.5868	 96.7264
           	  170	     24	   3156	  0.7412	 97.4676
           	  171	     14	   3170	  0.4324	 97.8999
           	  172	     12	   3182	  0.3706	 98.2705
           	  173	     12	   3194	  0.3706	 98.6411
           	  174	      7	   3201	  0.2162	 98.8573
           	  175	     13	   3214	  0.4015	 99.2588
           	  176	      5	   3219	  0.1544	 99.4132
           	  177	      2	   3221	  0.0618	 99.4750
           	  178	      4	   3225	  0.1235	 99.5985
           	  179	      1	   3226	  0.0309	 99.6294
           	  180	      4	   3230	  0.1235	 99.7529
           	  181	      3	   3233	  0.0926	 99.8456
           	  182	      4	   3237	  0.1235	 99.9691
           	  183	      0	   3237	  0.0000	 99.9691
           	  184	      0	   3237	  0.0000	 99.9691
           	  185	      0	   3237	  0.0000	 99.9691
           	  186	      0	   3237	  0.0000	 99.9691
           	  187	      0	   3237	  0.0000	 99.9691
           	  188	      0	   3237	  0.0000	 99.9691
           	  189	      1	   3238	  0.0309	100.0000

Histogram  	   DN	   Npts	  Total	 Percent	 Acc Pct
Band 3     	   94	      1	      1	  0.0309	  0.0309
           	   95	      0	      1	  0.0000	  0.0309
           	   96	      0	      1	  0.0000	  0.0309
           	   97	      0	      1	  0.0000	  0.0309
           	   98	      0	      1	  0.0000	  0.0309
           	   99	      0	      1	  0.0000	  0.0309
           	  100	      0	      1	  0.0000	  0.0309
           	  101	      0	      1	  0.0000	  0.0309
           	  102	      0	      1	  0.0000	  0.0309
           	  103	      2	      3	  0.0618	  0.0926
           	  104	      2	      5	  0.0618	  0.1544
           	  105	      2	      7	  0.0618	  0.2162
           	  106	      1	      8	  0.0309	  0.2471
           	  107	      1	      9	  0.0309	  0.2779
           	  108	      2	     11	  0.0618	  0.3397
           	  109	      5	     16	  0.1544	  0.4941
           	  110	      4	     20	  0.1235	  0.6177
           	  111	      4	     24	  0.1235	  0.7412
           	  112	      3	     27	  0.0926	  0.8338
           	  113	      5	     32	  0.1544	  0.9883
           	  114	      7	     39	  0.2162	  1.2044
           	  115	      9	     48	  0.2779	  1.4824
           	  116	     20	     68	  0.6177	  2.1001
           	  117	     13	     81	  0.4015	  2.5015
           	  118	     23	    104	  0.7103	  3.2119
           	  119	     27	    131	  0.8338	  4.0457
           	  120	     20	    151	  0.6177	  4.6634
           	  121	     36	    187	  1.1118	  5.7752
           	  122	     40	    227	  1.2353	  7.0105
           	  123	     33	    260	  1.0191	  8.0296
           	  124	     36	    296	  1.1118	  9.1414
           	  125	     45	    341	  1.3897	 10.5312
           	  126	     55	    396	  1.6986	 12.2298
           	  127	     53	    449	  1.6368	 13.8666
           	  128	     52	    501	  1.6059	 15.4725
           	  129	     62	    563	  1.9148	 17.3873
           	  130	     78	    641	  2.4089	 19.7962
           	  131	     80	    721	  2.4707	 22.2668
           	  132	     97	    818	  2.9957	 25.2625
           	  133	     89	    907	  2.7486	 28.0111
           	  134	    100	   1007	  3.0883	 31.0994
           	  135	    123	   1130	  3.7986	 34.8981
           	  136	    160	   1290	  4.9413	 39.8394
           	  137	    247	   1537	  7.6282	 47.4676
           	  138	    337	   1874	 10.4077	 57.8752
           	  139	    333	   2207	 10.2841	 68.1594
           	  140	    274	   2481	  8.4620	 76.6214
           	  141	    155	   2636	  4.7869	 81.4083
           	  142	     92	   2728	  2.8413	 84.2495
           	  143	     78	   2806	  2.4089	 86.6584
           	  144	     77	   2883	  2.3780	 89.0364
           	  145	     57	   2940	  1.7603	 90.7968
           	  146	     63	   3003	  1.9456	 92.7424
           	  147	     48	   3051	  1.4824	 94.2248
           	  148	     40	   3091	  1.2353	 95.4602
           	  149	     28	   3119	  0.8647	 96.3249
           	  150	     23	   3142	  0.7103	 97.0352
           	  151	     22	   3164	  0.6794	 97.7146
           	  152	     10	   3174	  0.3088	 98.0235
           	  153	     12	   3186	  0.3706	 98.3941
           	  154	     11	   3197	  0.3397	 98.7338
           	  155	      6	   3203	  0.1853	 98.9191
           	  156	      9	   3212	  0.2779	 99.1970
           	  157	      4	   3216	  0.1235	 99.3206
           	  158	      8	   3224	  0.2471	 99.5676
           	  159	      2	   3226	  0.0618	 99.6294
           	  160	      5	   3231	  0.1544	 99.7838
           	  161	      2	   3233	  0.0618	 99.8456
           	  162	      1	   3234	  0.0309	 99.8765
           	  163	      0	   3234	  0.0000	 99.8765
           	  164	      1	   3235	  0.0309	 99.9074
           	  165	      1	   3236	  0.0309	 99.9382
           	  166	      1	   3237	  0.0309	 99.9691
           	  167	      0	   3237	  0.0000	 99.9691
           	  168	      0	   3237	  0.0000	 99.9691
           	  169	      0	   3237	  0.0000	 99.9691
           	  170	      0	   3237	  0.0000	 99.9691
           	  171	      0	   3237	  0.0000	 99.9691
           	  172	      0	   3237	  0.0000	 99.9691
           	  173	      1	   3238	  0.0309	100.0000

Stats for ROI: Water [Blue] 2768 points
Basic Stats	  Min	  Max	      Mean	    Stdev
     Band 1	   92	  124	108.698699	11.959556
     Band 2	  103	  125	115.908598	 6.832919
     Band 3	   84	  106	 95.968208	 6.204595

Histogram  	   DN	   Npts	  Total	 Percent	 Acc Pct
Band 1     	   92	      1	      1	  0.0361	  0.0361
           	   93	      1	      2	  0.0361	  0.0723
           	   94	      8	     10	  0.2890	  0.3613
           	   95	     85	     95	  3.0708	  3.4321
           	   96	    184	    279	  6.6474	 10.0795
           	   97	    454	    733	 16.4017	 26.4812
           	   98	    545	   1278	 19.6893	 46.1705
           	   99	    134	   1412	  4.8410	 51.0116
           	  100	     38	   1450	  1.3728	 52.3844
           	  101	      5	   1455	  0.1806	 52.5650
           	  102	      0	   1455	  0.0000	 52.5650
           	  103	      0	   1455	  0.0000	 52.5650
           	  104	      0	   1455	  0.0000	 52.5650
           	  105	      0	   1455	  0.0000	 52.5650
           	  106	      0	   1455	  0.0000	 52.5650
           	  107	      0	   1455	  0.0000	 52.5650
           	  108	      0	   1455	  0.0000	 52.5650
           	  109	      0	   1455	  0.0000	 52.5650
           	  110	      0	   1455	  0.0000	 52.5650
           	  111	      0	   1455	  0.0000	 52.5650
           	  112	      0	   1455	  0.0000	 52.5650
           	  113	      0	   1455	  0.0000	 52.5650
           	  114	      0	   1455	  0.0000	 52.5650
           	  115	      0	   1455	  0.0000	 52.5650
           	  116	      0	   1455	  0.0000	 52.5650
           	  117	      0	   1455	  0.0000	 52.5650
           	  118	      2	   1457	  0.0723	 52.6373
           	  119	     22	   1479	  0.7948	 53.4321
           	  120	    294	   1773	 10.6214	 64.0535
           	  121	    456	   2229	 16.4740	 80.5275
           	  122	    425	   2654	 15.3540	 95.8815
           	  123	    113	   2767	  4.0824	 99.9639
           	  124	      1	   2768	  0.0361	100.0000

Histogram  	   DN	   Npts	  Total	 Percent	 Acc Pct
Band 2     	  103	      1	      1	  0.0361	  0.0361
           	  104	      0	      1	  0.0000	  0.0361
           	  105	      3	      4	  0.1084	  0.1445
           	  106	      8	     12	  0.2890	  0.4335
           	  107	     84	     96	  3.0347	  3.4682
           	  108	    176	    272	  6.3584	  9.8266
           	  109	    415	    687	 14.9928	 24.8194
           	  110	    516	   1203	 18.6416	 43.4610
           	  111	    180	   1383	  6.5029	 49.9639
           	  112	     58	   1441	  2.0954	 52.0592
           	  113	     13	   1454	  0.4697	 52.5289
           	  114	      1	   1455	  0.0361	 52.5650
           	  115	      0	   1455	  0.0000	 52.5650
           	  116	      0	   1455	  0.0000	 52.5650
           	  117	      0	   1455	  0.0000	 52.5650
           	  118	      0	   1455	  0.0000	 52.5650
           	  119	      0	   1455	  0.0000	 52.5650
           	  120	      1	   1456	  0.0361	 52.6012
           	  121	     18	   1474	  0.6503	 53.2514
           	  122	    278	   1752	 10.0434	 63.2948
           	  123	    698	   2450	 25.2168	 88.5116
           	  124	    299	   2749	 10.8020	 99.3136
           	  125	     19	   2768	  0.6864	100.0000

Histogram  	   DN	   Npts	  Total	 Percent	 Acc Pct
Band 3     	   84	      1	      1	  0.0361	  0.0361
           	   85	      8	      9	  0.2890	  0.3251
           	   86	     26	     35	  0.9393	  1.2645
           	   87	     98	    133	  3.5405	  4.8049
           	   88	    171	    304	  6.1777	 10.9827
           	   89	    251	    555	  9.0679	 20.0506
           	   90	    280	    835	 10.1156	 30.1662
           	   91	    193	   1028	  6.9725	 37.1387
           	   92	    115	   1143	  4.1546	 41.2934
           	   93	    125	   1268	  4.5159	 45.8092
           	   94	    129	   1397	  4.6604	 50.4697
           	   95	     40	   1437	  1.4451	 51.9147
           	   96	     11	   1448	  0.3974	 52.3121
           	   97	     16	   1464	  0.5780	 52.8902
           	   98	     29	   1493	  1.0477	 53.9379
           	   99	     61	   1554	  2.2038	 56.1416
           	  100	    106	   1660	  3.8295	 59.9711
           	  101	    186	   1846	  6.7197	 66.6908
           	  102	    424	   2270	 15.3179	 82.0087
           	  103	    203	   2473	  7.3338	 89.3425
           	  104	    189	   2662	  6.8280	 96.1705
           	  105	     91	   2753	  3.2876	 99.4581
           	  106	     15	   2768	  0.5419	100.0000
